    24     8     0    23    14
    38     6     5    69    47
    36     8    80    72    88
    42     6    60    68    85
    26     6    45    58    81
    26     2    15    51    66
    26     2    45    51    80
    40     4    60    66    87
    34     4    95    60    82
    28     2    10    53    57
    32     4    25    63    81
    20     8    20    58    59
    44     6    60    71    89
    42    10    45    74    86
    42    10     5    75    49
    38     6    15    69    73
    26     8    30    66    79
    36    10    25    74    83
    28     4    80    58    80
    20     8    35    57    66
    44     8    70    68    81
    36     6    20    66    75
    24     4    85    56    79
    34     2    25    53    75
    28     4    45    58    80
    28     4    35    58    78
    20     6    15    55    54
    30     6    70    65    84
    20    10    75    57    67
    30     4    35    60    82
    36     4    25    60    75
    34    10    40    70    83
    28     4    25    58    75
    44    10    40    70    81
    24     4    55    55    78
    40     2    15    56    69
    42    10    15    75    74
    46     6    95    70    87
    24     8    90    65    81
    24     8    65    65    81
    30     8    70    68    85
    20     2    50    40    63
    32     6    20    64    73
    30     2    95    53    82
    32     4    55    63    86
    46     4    50    61    79
    36     2    30    54    78
    22    10    85    62    75
    36     6    15    66    70
    42     2    45    56    82
    26     8    20    66    74
    42     4    25    63    78
    20    10    35    59    67
    20     4    75    50    68
    34     4    15    60    67
    32    10    55    68    82
    30     4    50    60    83
    28     6    85    60    78
    30     2    65    53    82
    22     2     5    44    30
    32     4    90    63    86
    32     2    70    56    85
    34     4    25    60    76
    20     6    40    55    67
    44     4    80    62    83
    20     6    75    55    68
    38     8    65    69    84
    44     8    60    74    81
    36    10    45    74    88
    22     6    65    56    72
    30     4    10    60    59
    24     8    75    65    81
    44    10    90    70    82
    26     8     5    66    42
    36    10    55    74    88
    30    10     0    29    18
    22     6    55    56    72
    44     6   100    71    89
    42     2    35    56    80
    22     4    50    50    69
    34    10   100    70    84
    22    10    55    62    74
    22     8    55    59    72
    32     6    55    64    81
    20     4    55    50    68
    26    10    25    69    79
    46     2    35    59    84
    24     6    20    62    71
    28     6    80    60    78
    40     8    20    69    75
    24     2    70    48    77
    30     8    15    68    70
    28     4     5    58    41
    30     8    75    68    85
    38     4    55    64    86
    22     8    35    59    71
    26     6    65    63    81
    24     8    95    65    81
    46     6    70    70    87
    38     6    95    66    83
    24     2    50    48    76
    32     2     0    12    15
    46     4     0    24    20
    44     2     0    16    18
    26     4    70    53    74
    20     6    65    55    68
    46     2    30    59    82
    42     8    65    73    88
    26     4    75    53    75
    38     4    20    60    72
    38     8    50    69    84
    30     6    25    66    79
    30     8    60    68    85
    46    10    35    76    86
    36     2    85    53    79
    42     6    10    68    61
    26     6    25    58    71
    42     4    15    63    69
    40     6    15    65    68
    22     2    55    44    69
    32     4     0    20    18
    40     2    85    58    86
    38     4    35    60    78
    40     4     5    66    46
    28     6    95    60    78
    26     2   100    51    73
    28     8    95    67    84
    20     2    20    42    56
    28     4    15    58    66
    42     6     5    68    45
    32     6   100    64    81
    38    10    85    73    87
    36     2    95    53    79
    34     6    60    65    83
    38     4    65    64    86
    36     6   100    66    84
    20     4    60    50    68
    38     2    60    53    79
    22     8   100    60    74
    22     4    20    50    60
    38     8    30    69    81
    34     4     5    60    42
    42     4    10    63    60
    28     4    70    58    80
    38     2    95    53    79
    32    10   100    69    83
    28     2     0    10    15
    32     4    60    63    86
    22     2    85    44    69
    38     8    10    69    61
    34     2    10    53    57
    22    10    30    62    71
    44     4    50    62    82
    24     6    25    62    75
    28     2    60    51    79
    22     4    40    50    68
    40     6    50    65    82
    20     6    35    55    66
    26     6    75    63    82
    36    10     0    32    22
    26     8    60    66    82
    30     8    35    68    83
    20     8    90    57    68
    20     8    70    57    68
    38     6    20    69    79
    38     6    25    69    82
    44    10    55    70    82
    32     8    55    66    81
    38     8   100    69    84
    44     6    55    71    88
    30     2    45    53    82
    28     2    70    51    79
    20     4    90    50    68
    32     2    50    56    85
    38     8     5    69    46
    22     2    20    44    60
    24     2    35    48    75
    46     8    80    73    88
    32     6    85    64    81
    36     4    40    60    79
    28     4    30    58    77
    24     2     0     7    10
    20     2    15    42    51
    38     8    90    69    84
    36     6    65    66    84
    46     4    95    61    80
    22     6    80    56    72
    42     2    90    56    82
    42    10    70    74    87
    22     6    90    56    72
    28     6    45    60    78
    40     4    90    66    88
    26     2    10    51    55
    24     6    45    62    79
    34    10    10    68    59
    30     6     0    24    18
    32    10    25    68    76
    34     8    85    66    82
    30     8    80    68    85
    42     2    30    56    79
    36     6     0    25    19
    28     8    70    67    84
    24    10    50    67    81
    20     2    75    40    63
    38     4    45    64    86
    22     6    10    54    47
    40     6    30    65    79
    40    10    30    73    83
    38     2    20    53    70
    24     6    75    62    80
    24     2    85    48    77
    44     2    85    55    81
    44     2    15    57    69
    44     2    20    57    75
    34    10    50    70    84
    40     6    60    65    82
    34     8    45    66    81
    42     2    50    56    82
    46     8    65    73    87
    46     8    25    73    82
    20     6     0    13     2
    46     6   100    70    87
    20    10    95    57    67
    44    10    20    70    73
    32     4    10    63    61
    42     4    35    63    82
    20    10    65    59    67
    28     2    85    51    79
    32     2    90    56    85
    32     2    85    56    85
    22    10    80    62    75
    24     8     5    65    40
    24    10    20    67    73
    34     8    75    66    82
    26     6    10    58    53
    20     6    85    55    68
    24    10    15    67    67
    30     8     0    27    18
    34     6    95    64    81
    32     8    75    66    81
    46     8    60    73    87
    28    10    85    69    85
    30     6    40    66    83
    26     2    20    51    72
    36     6    10    66    60
    40     4    10    66    63
    46     2    60    59    85
    32     6    25    64    77
    44     8    90    68    82
    40     4   100    66    88
    40     8    15    69    69
    34     6    45    65    82
    32     8    40    66    80
    38     4    50    64    86
    46     4    60    61    80
    42     6    90    70    88
    46     8    55    73    87
    38     4     0    21    17
    42     4    95    63    85
    44     8     5    74    48
    26     8    70    66    82
    36     2    25    54    76
    46     6    15    65    67
    26     4    50    53    74
    22     8    45    59    72
    26     4    80    53    75
    28    10    45    69    84
    20     6    25    55    63
    40     2    55    56    83
    28     8    10    63    55
    36     4    10    60    57
    40    10    90    73    86
    38     4    75    64    86
    46     4    90    61    80
    46     4   100    61    80
    42     2    10    56    59
    26    10    75    69    84
    46     8    90    73    88
    44     8    50    74    89
    28     6    70    60    78
    36     8    50    72    88
    28     6    40    60    77
    46     4     5    66    45
    38     6    90    66    83
    42     4    20    63    75
    40     6    45    65    82
    40     4     0    23    20
    36     8    20    70    76
    22     6    60    56    72
    46     4    15    66    71
    20    10    80    57    67
    22    10    45    62    74
    20    10    25    59    63
    44    10     0    31    20
    36     6     5    66    45
    40     4    50    66    87
    34    10    30    70    81
    26     2     5    51    40
    30     8     5    68    45
    22     6    45    56    71
    28     4    65    58    80
    38    10    60    73    87
    32     6    35    64    79
    36     8    40    70    84
    40     6    55    65    82
    24     6    85    62    80
    28    10    30    69    81
    42    10    30    74    84
    36     4    70    60    80
    46    10     5    76    48
    20     6    70    55    68
    44     6    30    71    85
    22     8    15    59    58
    38     8    85    69    84
    28     8    65    67    84
    46     6    40    65    80
    20    10    55    59    68
    20     2   100    41    63
    34     4    90    60    82
    38    10    45    73    86
    20     2    35    40    61
    28     8    90    67    84
    36     8    75    72    88
    30     2    60    53    82
    28     4    40    58    79
    20     4    95    50    68
    42     8    70    73    88
    46     6    30    65    78
    20     8   100    57    68
    24     4    45    55    77
    26     8    10    66    59
    28     4    10    58    56
    40    10    55    73    86
    42     6     0    27    20
    22     4    70    50    69
    44     2    55    57    83
    20     8    55    57    68
    36     2    10    54    57
    42    10     0    33    22
    46     6    90    70    87
    34     6   100    64    81
    22     8    50    59    72
    34     6    80    64    81
    34     6     0    25    19
    46     4    45    61    79
    36     8    35    70    83
    26     4     0    15    13
    26     8    15    66    68
    38     6    35    69    85
    38     4    15    60    66
    44     8    65    68    81
    38     8    55    69    84
    26     2    65    51    80
    34     6     5    65    43
    26     6    60    63    81
    28     4    60    58    80
    44     4    55    62    82
    30     4    15    60    69
    36    10    40    74    87
    32     8    80    66    81
    40     6    80    65    83
    42     8    95    73    88
    38    10     5    71    47
    26     8    45    66    82
    38     6    45    69    87
    32     4   100    59    80
    42     8    10    73    64
    24    10    85    67    81
    38     2    65    53    79
    42    10    25    75    82
    30     8    55    68    85
    32     4    40    63    85
    32     8    25    67    78
    34     4    55    60    82
    22     8     0    19     9
    36     2    65    53    79
    40     8    70    71    85
    32     2    65    56    85
    36     6    55    66    84
    30     4     5    60    43
    46     2    85    59    86
    20     2    95    41    63
    44     8    15    74    74
    44     6    95    71    89
    44     2    80    55    81
    20    10    15    59    54
    32    10    75    68    82
    38    10    80    73    87
    42     4    85    63    85
    30     2    80    53    82
    28     6     5    60    40
    24     2    75    48    77
    26     6    70    63    82
    34     6    75    64    81
    44     2    65    57    83
    44     4    75    62    83
    36     8    10    70    61
    42     2     5    56    43
    20     8    75    57    68
    30     6    35    66    83
    28     6    60    60    78
    40     2     0    15    17
    38     6    70    69    87
    34     2    90    53    80
    40    10    85    73    86
    24     8    10    65    56
    40     6    25    65    77
    30     6    15    66    70
    42     2    85    56    82
    34     2    65    53    79
    46    10    70    76    88
    30     2    50    53    82
    44     8    10    74    65
    32     6    10    64    58
    34     8    25    66    76
    40     2    50    56    83
    40     4    65    66    87
    46     2    25    59    80
    22     4    65    50    69
    26     8     0    24    15
    24     8    30    65    78
    38     4    90    64    86
    40     8    75    71    85
    28     6    90    60    78
    22     6    30    54    67
    46     2     0    17    19
    42     8    35    73    87
    30    10    20    67    73
    34     8    55    66    81
    32     6    75    64    81
    28     8    55    67    84
    22     2    60    44    69
    46     4    20    66    77
    34     8    10    66    59
    24     6    70    62    80
    40    10    70    73    86
    22     4    45    50    68
    22    10   100    62    75
    32     4    50    63    86
    36     4    55    60    80
    36     8    60    72    88
    40     2    40    56    82
    26     4    60    53    74
    44     4    85    62    83
    38    10    90    73    87
    42     6    85    68    88
    36     8    25    70    80
    30     8    25    68    80
    24     4    10    55    53
    38     4    25    60    75
    36     2    80    53    79
    40     4    20    66    78
    36     6    45    66    83
    44    10    80    70    82
    46    10    60    76    88
    34     6    15    65    68
    42     4    65    63    85
    44     4    65    62    83
    28     4     0    17    15
    28     4    95    55    77
    32    10    35    68    80
    26     2    40    51    79
    26     6    30    58    72
    28    10    95    69    85
    40     2    80    58    86
    30    10     5    67    44
    46     8    50    73    87
    36    10    60    74    88
    30     6    50    66    84
    46     4    35    61    78
    42     4    70    63    85
    26     8    55    66    82
    20    10     5    59    29
    28     2    35    53    77
    44     2    10    57    60
    26    10    10    69    59
    24     8    25    65    75
    40     6    65    65    82
    40     2    30    56    80
    44    10     5    70    45
    44     2   100    55    81
    34    10    45    70    84
    40     4    80    66    88
    26     4    55    53    74
    46     8    20    73    79
    30     2    15    53    67
    46     4    75    61    80
    32     8    10    67    59
    28     6    55    60    78
    42     8    20    73    80
    30     4    25    60    78
    30    10    45    67    80
    22     4    75    50    69
    28    10    20    69    75
    36     2     5    54    42
    24    10    30    67    78
    36     6    85    66    84
    32     6    45    64    81
    40     8    50    69    83
    40    10    80    73    86
>> 