    1.0000    1.0000    1.0000         0    1.0000         0
         0    1.0000    1.0000         0         0         0
         0    1.0000    1.0000    1.0000    1.0000    1.0000
         0         0         0    1.0000    1.0000    1.0000
    1.0000    1.0000    1.0000    1.0000    1.0000    1.0000
    1.0000    1.0000    2.0000    2.0000         0    1.0000
    1.0000         0         0    2.0000    1.0000         0
         0    1.0000    2.0000    2.0000         0         0
         0    1.0000    2.0000    2.0000    2.0000    1.0000
         0         0         0         0         0         0
         0    1.0000    1.0000    1.0000         0    1.0000
         0         0         0         0    1.0000         0
         0    1.0000         0         0    1.0000         0
         0         0         0         0    1.0000         0
    1.0000    1.0000    1.0000    1.0000    1.5000    1.5000
    1.0000         0    1.0000         0    1.0000    1.0000
         0    1.0000         0    1.0000    1.0000    1.0000
    2.0000    1.0000    2.0000    1.0000    1.0000    1.2778
         0         0         0         0         0    0.2609
    1.0000    1.0000         0    1.0000    1.0000    1.0000
    1.0000         0         0    2.0000    1.0000    1.0000
    2.0000    2.0000    2.0000    2.0000    1.0000    2.0000
    1.0000    1.0000    1.0000    1.0000    1.0000         0
         0         0         0         0    1.0000    1.0000
    1.0000    2.0000    1.0000         0    0.3750    0.3750
         0         0         0         0    2.0000    1.2222
>> 