    44     2    60
    32     2    40
    22    10     0
    36     8    75
    46     2     0
    44     6    75
    44     8     0
    46     6    70
    38     4    40
    40     2    80
    24     4    45
    22     4    65
    28     2    80
    22    10    40
    46     2    90
    46    10    35
    40     2    95
    30     6    10
    42    10    40
    46    10     0
    46     8    95
    38    10    75
    40     6    30
    24     6    25
    24    10    70
    38     2    45
    46     8    85
    42    10    10
    22     8    35
    36     6    90
    20     8    45
    44     4    45
    34    10    65
    44     4    20
    38     2    55
    38     8     5
    34     6    95
    20    10    40
    24     2    80
    42     6    40
    46     2    80
    40     4    95
    38    10    30
    22     6    40
    30     2    20
    40     6    65
    24     6    15
    32     8    55
    32     4    75
    22     2    15
