   31.0000   51.0000   64.0000   47.0000   52.0000   35.0000   43.0000   58.0000
  140.2500  137.2500  190.2500  178.2500  167.0000  177.2500  200.5000  175.5000
   68.2500   67.7500   72.7500   70.0000   67.7500   71.0000   71.5000   71.5000
   33.9000   36.5000   39.3000   40.2000   37.5000   38.4000   37.9000   38.0000
   86.0000   89.7000  103.1000   99.7000  102.7000  100.5000  107.2000  100.2000
   76.4000   82.0000   97.8000   95.0000   91.0000   90.3000  103.1000   88.1000
   94.6000   89.1000   99.6000   98.6000   98.9000   98.7000  105.5000   97.8000
   57.4000   49.3000   58.9000   62.3000   57.1000   57.8000   68.8000   57.1000
   35.3000   33.7000   39.0000   38.1000   36.7000   37.3000   38.3000   38.9000
   22.2000   21.4000   23.0000   23.9000   22.3000   22.4000   23.7000   23.6000
   27.9000   29.6000   34.3000   35.3000   31.6000   31.0000   32.1000   30.9000
   25.9000   26.0000   29.6000   31.1000   27.5000   28.7000   28.9000   29.6000
   16.7000   16.9000   19.0000   19.8000   17.9000   17.7000   18.7000   18.0000