    20     2    33
    20     4    37
    20     6    42
    20     8    47
    20    10    52
    22     2    35
    22     4    40
    22     6    45
    22     8    50
    22    10    55
    24     2    38
    24     4    43
    24     6    48
    24     8    53
    24    10    57
    26     2    41
    26     4    46
    26     6    51
    26     8    55
    26    10    60
    28     2    44
    28     4    48
    28     6    53
    28     8    58
    28    10    63
    30     2    46
    30     4    51
    30     6    56
    30     8    61
    30    10    66
    32     2    49
    32     4    54
    32     6    59
    32     8    64
    32    10    68
    34     2    52
    34     4    57
    34     6    61
    34     8    66
    34    10    71
    36     2    55
    36     4    59
    36     6    64
    36     8    69
    36    10    74
    38     2    57
    38     4    62
    38     6    67
    38     8    72
    38    10    77
    40     2    60
    40     4    65
    40     6    70
    40     8    74
    40    10    79
    42     2    63
    42     4    68
    42     6    72
    42     8    77
    42    10    82
    44     2    66
    44     4    70
    44     6    75
    44     8    80
    44    10    85
    46     2    68
    46     4    73
    46     6    78
    46     8    83
    46    10    87
>> 